# Resisitivity [ohm.m]
# This is the first petrophysical log, recorded by the Schlumberger brothers on 5 September 1927
# Pechelbronn oil field, Diefenbach [sic] well 2905 at Dieffenbach-lès-Wœrth, Alsace, France
# Digitized from image of original data https://indico.ictp.it/event/a10175/session/25/contribution/15/material/0/0.pdf
# Digitized by Matt Hall https://orcid.org/0000-0002-4054-8295
# More information: https://agilescientific.com/blog/2017/9/5/90-years-of-well-logs
# LAS data https://www.dropbox.com/scl/fi/2hbz7ytr911r5v9n7alnn/Pechelbronn.las?rlkey=ldwqt0ga68er28avlusos6upb&e=1&dl=1
# Licensed CC BY / This is open data
4.3887
2.8534
2.3653
2.4807
2.0000
2.1889
2.2701
2.6189
2.2340
2.4071
2.6549
2.1243
2.0793
2.7258
2.6739
2.5653
2.4968
3.0914
3.0301
3.0332
3.2571
2.8515
3.1983
4.9393
7.6377
12.8472
13.4442
7.6163
7.4720
9.1153
9.7451
6.0412
4.1162
5.9690
6.8808
7.2807
6.8269
5.3430
5.3876
6.7223
9.0165
9.7818
4.9206
7.6907
12.0317
20.0000
17.0283
14.9490
11.5984
13.3344
11.1182
7.6543
6.6240
6.0571
7.2835
6.9757
3.3221
2.7558
4.5642
6.3901
8.0560
8.0935
7.1020
5.9177
5.3663
4.7531
3.1289
3.6505
4.4514
3.1775
3.6882
5.9919
5.0320
2.5195
2.2554
2.0596
2.3839
3.2153
3.8965
3.0321
2.5767
2.1471
2.0180
2.2440
2.2274
2.9370
3.5289
4.1105
6.0404
5.7040
4.8369
4.4039
3.6252
3.6469
3.1413
2.6232
2.5605
2.9146
2.9901
2.5859
2.3547
2.4515
2.5860
2.7453
2.7126
2.3375
2.2893
2.3129
2.2914
2.3422
2.3158
2.3296
2.4446
2.3301
2.4507
2.2956
2.1225
2.2945
2.3257
2.2411
2.4065
2.5455
2.5174
2.5276
2.4008
2.4008
2.3401
2.2856
2.2534
2.2011
2.1700
2.1416
2.1194
2.1461
2.1741
2.2022
2.2859
2.3992
3.3873
3.2936
2.5707
