# Laughing voice (the first 1400 samples of the Matlab built-in "laughter.mat" sound)
# Tary, JB, RH Herrera, J Han, and M van der Baan (2014), Spectral estimation—What is new? What is next?, Rev. Geophys. 52. doi:10.1002/2014RG000461.
# sample rate: 8000 Hz
-0.0329576865830320
-0.00956836062088029
0.0295556028067191
0.0363597703593451
0.0121199234531150
-0.00701679778864555
-0.000850520944078248
0.0329576865830321
0.0448649798001276
0.0448649798001276
0.0244524771422496
-0.000425260472039124
-0.0312566446948756
-0.0448649798001276
-0.0312566446948756
-0.0312566446948756
-0.0295556028067191
-0.0278545609185626
-0.0172230491175845
0.00510312566446949
0.0244524771422496
0.0197746119498193
0.0189240910057410
0.0295556028067191
0.0363597703593451
0.0627259196257708
0.0627259196257708
0.0448649798001276
-0.0397618541356581
-0.125664469487561
-0.132468637040187
-0.100148841165214
-0.000850520944078248
0.0397618541356581
0.0346587284711886
0.0261535190304061
0.0329576865830321
0.0525196682968318
0.0797363385073358
0.0695300871783968
0.0295556028067191
0
-0.0397618541356581
-0.0763342547310228
-0.112056134382309
-0.0899425898362747
-0.0491175845205188
0.0112694025090368
0.0491175845205188
0.0329576865830321
0.0295556028067191
0.0312566446948756
0.0491175845205188
0.0593238358494578
0.0491175845205188
0.0363597703593451
0.0197746119498193
-0.00701679778864555
-0.0627259196257708
-0.118860301934935
-0.0865405060599617
-0.00701679778864555
0.0465660216882841
0.0261535190304061
-0.0172230491175845
-0.0189240910057410
0.0210503933659366
0.0380608122475016
0.0414628960238146
0.0380608122475016
0.0278545609185626
0.0380608122475016
0.00212630236019562
-0.0797363385073358
-0.118860301934935
-0.0865405060599617
0
0.0695300871783968
0.0559217520731448
0.0121199234531150
-0.0491175845205188
-0.0329576865830321
0.0112694025090368
0.0661280034020838
0.0865405060599617
0.0763342547310228
0.0431639379119711
-0.0465660216882841
-0.118860301934935
-0.132468637040187
-0.0763342547310228
0.0210503933659366
0.0661280034020838
0.0763342547310228
0.0525196682968318
0.0112694025090368
-0.0261535190304061
-0.0312566446948756
0.0121199234531150
0.0797363385073358
0.100148841165214
0.0329576865830321
-0.0729321709547098
-0.139272804592813
-0.118860301934935
-0.0380608122475016
0.0346587284711886
0.0763342547310228
0.0729321709547098
0.0138209653412715
-0.0329576865830321
-0.0346587284711886
0.0180735700616628
0.0627259196257708
0.0899425898362747
0.0695300871783968
-0.0104188815649585
-0.0763342547310228
-0.146076972145439
-0.132468637040187
-0.0525196682968318
0.0163725281735063
0.0763342547310228
0.0559217520731448
0.0189240910057410
-0.0278545609185626
0.00956836062088029
0.0695300871783968
0.112056134382309
0.0967467573889007
-0.00382734424835212
-0.0593238358494578
-0.105251966829683
-0.125664469487561
-0.0865405060599617
-0.0448649798001276
0.0491175845205188
0.0559217520731448
0.0414628960238146
0.00255156283223474
0.00127578141611737
0.0397618541356581
0.0967467573889007
0.125664469487561
0.0329576865830321
-0.0261535190304061
-0.100148841165214
-0.125664469487561
-0.0899425898362747
-0.0627259196257708
0.0278545609185626
0.0465660216882841
0.0380608122475016
-0.000850520944078248
-0.0129704443971933
0.0261535190304061
0.0763342547310228
0.125664469487561
0.0491175845205188
-0.0210503933659366
-0.0933446736125877
-0.139272804592813
-0.0967467573889007
-0.0627259196257708
0.0346587284711886
0.0729321709547098
0.0797363385073358
0.0227514352540931
-0.0163725281735063
-0.00871783967680204
0.0431639379119711
0.0933446736125877
0.0559217520731448
0.0146714862853498
-0.0933446736125877
-0.152881139698065
-0.118860301934935
-0.0525196682968318
0.0729321709547098
0.100148841165214
0.0831384222836487
0.0278545609185626
-0.0197746119498193
-0.0346587284711886
0.0210503933659366
0.0491175845205188
0.0363597703593451
0.0491175845205188
-0.0627259196257708
-0.125664469487561
-0.139272804592813
-0.0797363385073358
0.0627259196257708
0.118860301934935
0.125664469487561
0.0695300871783968
-0.00127578141611737
-0.0491175845205188
-0.00552838613650861
0.0295556028067191
0.0346587284711886
0.0244524771422496
-0.112056134382309
-0.146076972145439
-0.152881139698065
-0.0593238358494578
0.105251966829683
0.146076972145439
0.152881139698065
0.0899425898362747
0.0210503933659366
-0.0525196682968318
-0.0491175845205188
-0.0967467573889007
-0.0312566446948756
0.0380608122475016
-0.0380608122475016
-0.0414628960238146
-0.0899425898362747
-0.0380608122475016
0.0525196682968318
0.0865405060599617
0.0933446736125877
0.0763342547310228
0.0210503933659366
-0.0104188815649585
0.0189240910057410
-0.0593238358494578
-0.0244524771422496
-0.0380608122475016
-0.0695300871783968
-0.0278545609185626
-0.0831384222836487
-0.00701679778864555
0.0763342547310228
0.118860301934935
0.0695300871783968
0.0121199234531150
-0.0431639379119711
-0.00786731873272379
0.0448649798001276
-0.0155220072294280
0.0414628960238146
-0.0661280034020838
-0.118860301934935
-0.0661280034020838
-0.0661280034020838
0.0295556028067191
0.0559217520731448
0.0797363385073358
0.0797363385073358
0.0661280034020838
-0.0210503933659366
0
-0.00786731873272379
-0.0261535190304061
0.0397618541356581
-0.0831384222836487
-0.0967467573889007
-0.105251966829683
-0.0661280034020838
0.0967467573889007
0.152881139698065
0.112056134382309
0.0295556028067191
0.00170104188815650
-0.0172230491175845
0.0278545609185626
-0.0244524771422496
-0.0627259196257708
-0.0431639379119711
-0.125664469487561
-0.0729321709547098
-0.0627259196257708
-0.00701679778864555
0.112056134382309
0.139272804592813
0.118860301934935
0.0729321709547098
-0.0414628960238146
-0.105251966829683
-0.00255156283223474
0.0104188815649585
0.0278545609185626
-0.0104188815649585
-0.125664469487561
-0.0797363385073358
-0.0525196682968318
0.0295556028067191
0.105251966829683
0.100148841165214
0.0559217520731448
0.0448649798001276
-0.00871783967680204
-0.0729321709547098
-0.0363597703593451
-0.0278545609185626
0.0431639379119711
0.0329576865830321
-0.0797363385073358
-0.0865405060599617
-0.105251966829683
-0.0278545609185626
0.0729321709547098
0.125664469487561
0.112056134382309
0.0593238358494578
-0.0627259196257708
-0.0695300871783968
0.0210503933659366
0.0261535190304061
0.0525196682968318
-0.00510312566446949
-0.112056134382309
-0.118860301934935
-0.105251966829683
0.0261535190304061
0.125664469487561
0.118860301934935
0.0695300871783968
0.0414628960238146
-0.0295556028067191
-0.0312566446948756
-0.00212630236019562
-0.00637890708058686
-0.00212630236019562
-0.0414628960238146
-0.0831384222836487
-0.0899425898362747
-0.112056134382309
-0.00382734424835212
0.118860301934935
0.146076972145439
0.0695300871783968
0.00786731873272379
-0.0397618541356581
-0.0448649798001276
0.0112694025090368
0.0397618541356581
0.0448649798001276
0.000850520944078248
-0.0865405060599617
-0.118860301934935
-0.0967467573889007
0.00127578141611737
0.132468637040187
0.146076972145439
0.0491175845205188
-0.0729321709547098
-0.0899425898362747
-0.0312566446948756
0.0431639379119711
0.0797363385073358
0.0559217520731448
-0.0431639379119711
-0.0967467573889007
-0.139272804592813
-0.0967467573889007
0.0129704443971933
0.166489474803317
0.200510312566447
0.0899425898362747
-0.0797363385073358
-0.146076972145439
-0.0763342547310228
0.0797363385073358
0.139272804592813
0.112056134382309
-0.0163725281735063
-0.146076972145439
-0.200510312566447
-0.180097809908569
0.0155220072294280
0.200510312566447
0.231129066553264
0.125664469487561
-0.0627259196257708
-0.217520731448012
-0.132468637040187
-0.00212630236019562
0.139272804592813
0.173293642355943
0.0865405060599617
-0.0627259196257708
-0.244737401658516
-0.217520731448012
-0.0155220072294280
0.207314480119073
0.231129066553264
0.173293642355943
0.0163725281735063
-0.186901977461195
-0.312779077184776
-0.146076972145439
0.118860301934935
0.271954071869020
0.159685307250691
-0.00425260472039124
-0.105251966829683
-0.258345736763768
-0.125664469487561
0.0865405060599617
0.244737401658516
0.217520731448012
0.0414628960238146
-0.173293642355943
-0.271954071869020
-0.244737401658516
-0.00595364660854774
0.285562406974272
0.271954071869020
0.125664469487561
-0.0695300871783968
-0.146076972145439
-0.186901977461195
-0.105251966829683
0.0661280034020838
0.186901977461195
0.180097809908569
0.0329576865830321
-0.193706145013821
-0.244737401658516
-0.159685307250691
0.0346587284711886
0.299170742079524
0.312779077184776
0.0491175845205188
-0.200510312566447
-0.217520731448012
-0.0491175845205188
0.105251966829683
0.0627259196257708
0.0491175845205188
0.00170104188815650
-0.00127578141611737
-0.0865405060599617
-0.180097809908569
-0.125664469487561
0.0695300871783968
0.244737401658516
0.258345736763768
0.0559217520731448
-0.152881139698065
-0.180097809908569
-0.0729321709547098
0.0831384222836487
0.0661280034020838
0.0121199234531150
0.00701679778864555
-0.00786731873272379
-0.0491175845205188
-0.132468637040187
-0.152881139698065
-0.0104188815649585
0.125664469487561
0.258345736763768
0.200510312566447
0
-0.173293642355943
-0.180097809908569
0.0227514352540931
0.132468637040187
-0.0329576865830321
-0.100148841165214
-0.00871783967680204
0.0865405060599617
0.0197746119498193
-0.217520731448012
-0.159685307250691
0.0797363385073358
0.231129066553264
0.258345736763768
0.0491175845205188
-0.200510312566447
-0.193706145013821
-0.0155220072294280
0.159685307250691
0.0797363385073358
-0.0899425898362747
-0.0491175845205188
-0.0295556028067191
-0.0431639379119711
-0.112056134382309
-0.118860301934935
0.0380608122475016
0.193706145013821
0.207314480119073
0.173293642355943
-0.0491175845205188
-0.200510312566447
-0.118860301934935
0.0295556028067191
0.166489474803317
0.0129704443971933
-0.0899425898362747
-0.0831384222836487
-0.0180735700616628
-0.0661280034020838
-0.125664469487561
-0.0525196682968318
0.132468637040187
0.231129066553264
0.217520731448012
0.0312566446948756
-0.217520731448012
-0.166489474803317
-0.0146714862853498
0.112056134382309
0.0295556028067191
-0.118860301934935
-0.0312566446948756
0.0491175845205188
0.0312566446948756
-0.0180735700616628
-0.139272804592813
-0.0380608122475016
0.0831384222836487
0.139272804592813
0.186901977461195
0.0593238358494578
-0.146076972145439
-0.139272804592813
-0.0661280034020838
0.0397618541356581
-0.0227514352540931
-0.112056134382309
0.0729321709547098
0.173293642355943
0.0763342547310228
-0.112056134382309
-0.231129066553264
-0.0695300871783968
0.159685307250691
0.258345736763768
0.152881139698065
-0.0933446736125877
-0.186901977461195
-0.0967467573889007
-0.0363597703593451
-0.00786731873272379
-0.0227514352540931
0.0933446736125877
0.159685307250691
0.0210503933659366
-0.166489474803317
-0.244737401658516
-0.0763342547310228
0.159685307250691
0.299170742079524
0.353604082500532
0.0465660216882841
-0.339995747395280
-0.394429087816288
-0.112056134382309
0.200510312566447
0.173293642355943
-0.0146714862853498
0.100148841165214
0.0865405060599617
-0.100148841165214
-0.258345736763768
-0.285562406974272
0.0831384222836487
0.353604082500532
0.312779077184776
0.100148841165214
-0.231129066553264
-0.339995747395280
-0.125664469487561
0.0763342547310228
0.166489474803317
0.0525196682968318
0.0397618541356581
0.100148841165214
-0.0380608122475016
-0.231129066553264
-0.244737401658516
-0.0797363385073358
0.186901977461195
0.326387412290028
0.271954071869020
0.0163725281735063
-0.244737401658516
-0.200510312566447
-0.0244524771422496
0.0967467573889007
-0.0163725281735063
-0.0312566446948756
0.100148841165214
0.112056134382309
-0.0831384222836487
-0.244737401658516
-0.200510312566447
0.0559217520731448
0.271954071869020
0.353604082500532
0.118860301934935
-0.231129066553264
-0.285562406974272
-0.0831384222836487
0.146076972145439
0.0763342547310228
-0.146076972145439
0
0.200510312566447
0.0197746119498193
-0.258345736763768
-0.353604082500532
-0.0465660216882841
0.326387412290028
0.380820752711036
0.152881139698065
-0.105251966829683
-0.207314480119073
-0.118860301934935
0.0244524771422496
0.0695300871783968
-0.00701679778864555
-0.0346587284711886
0.0933446736125877
0.0329576865830321
-0.139272804592813
-0.258345736763768
-0.173293642355943
0.166489474803317
0.421645758026791
0.326387412290028
0.0244524771422496
-0.285562406974272
-0.244737401658516
0.0414628960238146
0.105251966829683
-0.0831384222836487
-0.152881139698065
0.0380608122475016
0.193706145013821
0.0363597703593451
-0.271954071869020
-0.285562406974272
0.0261535190304061
0.380820752711036
0.408037422921539
0.0627259196257708
-0.217520731448012
-0.207314480119073
-0.0329576865830321
0.0729321709547098
-0.132468637040187
-0.200510312566447
0.0627259196257708
0.271954071869020
0.193706145013821
-0.139272804592813
-0.326387412290028
-0.132468637040187
0.152881139698065
0.312779077184776
0.186901977461195
-0.0695300871783968
-0.180097809908569
-0.105251966829683
0.0661280034020838
0.0797363385073358
-0.152881139698065
-0.186901977461195
0.159685307250691
0.217520731448012
-0.00170104188815650
-0.312779077184776
-0.339995747395280
0.132468637040187
0.469274930895173
0.285562406974272
-0.0763342547310228
-0.258345736763768
-0.118860301934935
0.159685307250691
-0.0244524771422496
-0.231129066553264
0.0155220072294280
0.217520731448012
0.271954071869020
-0.0933446736125877
-0.421645758026791
-0.312779077184776
0.0363597703593451
0.380820752711036
0.408037422921539
0.0593238358494578
-0.200510312566447
-0.217520731448012
-0.0210503933659366
0.0559217520731448
-0.0380608122475016
-0.0414628960238146
0.0431639379119711
0.0967467573889007
0.0363597703593451
-0.193706145013821
-0.299170742079524
-0.0933446736125877
0.312779077184776
0.442058260684669
0.146076972145439
-0.231129066553264
-0.258345736763768
0.0729321709547098
0.159685307250691
-0.0525196682968318
-0.180097809908569
-0.100148841165214
0.0593238358494578
0.0797363385073358
-0.152881139698065
-0.152881139698065
0.0329576865830321
0.244737401658516
0.326387412290028
0.00956836062088029
-0.217520731448012
-0.0491175845205188
0.112056134382309
0.0627259196257708
-0.132468637040187
-0.180097809908569
-0.0278545609185626
0.0363597703593451
0.0104188815649585
-0.0431639379119711
-0.0121199234531150
0.0380608122475016
0.152881139698065
0.231129066553264
0.152881139698065
-0.0967467573889007
-0.217520731448012
-0.125664469487561
-0.00701679778864555
-0.0261535190304061
-0.0899425898362747
-0.0763342547310228
0.0525196682968318
0.193706145013821
0.0797363385073358
-0.180097809908569
-0.200510312566447
0.112056134382309
0.339995747395280
0.217520731448012
-0.180097809908569
-0.285562406974272
-0.0525196682968318
0.0261535190304061
-0.0414628960238146
-0.0329576865830321
0.00701679778864555
0.125664469487561
0.132468637040187
0.00170104188815650
-0.0967467573889007
-0.132468637040187
0.0695300871783968
0.271954071869020
0.173293642355943
-0.0180735700616628
-0.217520731448012
-0.258345736763768
-0.118860301934935
0.0661280034020838
0.139272804592813
0.0763342547310228
-0.0525196682968318
-0.0278545609185626
-0.0112694025090368
-0.0831384222836487
-0.0627259196257708
0.0525196682968318
0.200510312566447
0.173293642355943
0.00637890708058686
-0.105251966829683
-0.152881139698065
-0.159685307250691
0.0380608122475016
0.0933446736125877
0.0346587284711886
0.0129704443971933
-0.0244524771422496
-0.0414628960238146
-0.0899425898362747
-0.0363597703593451
0.146076972145439
0.217520731448012
0.193706145013821
0.0414628960238146
-0.0899425898362747
-0.180097809908569
-0.299170742079524
-0.180097809908569
0.0831384222836487
0.193706145013821
0.112056134382309
-0.0899425898362747
-0.139272804592813
0.0491175845205188
0.0933446736125877
0.0448649798001276
0.0695300871783968
0.105251966829683
0.0933446736125877
0.00510312566446949
-0.139272804592813
-0.258345736763768
-0.193706145013821
0.0593238358494578
0.152881139698065
0.139272804592813
0.0763342547310228
-0.0346587284711886
-0.0295556028067191
0.00425260472039124
0.0397618541356581
0.0146714862853498
-0.0627259196257708
-0.0295556028067191
0.100148841165214
0.0261535190304061
-0.152881139698065
-0.186901977461195
-0.0180735700616628
0.132468637040187
0.105251966829683
0.0261535190304061
-0.0831384222836487
-0.0831384222836487
0.00212630236019562
0.0155220072294280
0.0967467573889007
0.125664469487561
0.0559217520731448
0.0559217520731448
0.00255156283223474
-0.125664469487561
-0.112056134382309
-0.105251966829683
0.0491175845205188
0.166489474803317
0.0627259196257708
-0.105251966829683
-0.166489474803317
-0.0627259196257708
0.0295556028067191
0.0363597703593451
0.0525196682968318
0.112056134382309
0.159685307250691
0.0797363385073358
-0.159685307250691
-0.217520731448012
-0.0448649798001276
0.0380608122475016
0.0210503933659366
-0.0278545609185626
-0.0261535190304061
0.0593238358494578
0.0121199234531150
-0.0593238358494578
0.0312566446948756
0.112056134382309
0.146076972145439
0.0899425898362747
-0.0244524771422496
-0.0593238358494578
-0.0831384222836487
-0.105251966829683
-0.0627259196257708
-0.0180735700616628
0.00956836062088029
0.00701679778864555
0.0363597703593451
0.0346587284711886
-0.0146714862853498
-0.00170104188815650
0.0346587284711886
0.0593238358494578
0.100148841165214
0.0244524771422496
-0.112056134382309
-0.173293642355943
-0.152881139698065
-0.0261535190304061
0.125664469487561
0.173293642355943
0.0967467573889007
0.0104188815649585
-0.00552838613650861
-0.0797363385073358
-0.112056134382309
-0.139272804592813
-0.0278545609185626
0.207314480119073
0.271954071869020
0.00127578141611737
-0.244737401658516
-0.207314480119073
-0.0261535190304061
0.146076972145439
0.231129066553264
0.152881139698065
0.0525196682968318
-0.0448649798001276
-0.146076972145439
-0.105251966829683
-0.0525196682968318
-0.100148841165214
-0.0559217520731448
0.0329576865830321
0.0431639379119711
0.0138209653412715
-0.0627259196257708
-0.0329576865830321
0.112056134382309
0.193706145013821
0.0899425898362747
-0.0278545609185626
-0.112056134382309
-0.112056134382309
-0.0695300871783968
-0.0797363385073358
-0.0397618541356581
0.105251966829683
0.159685307250691
0.100148841165214
-0.0431639379119711
-0.0899425898362747
-0.0146714862853498
-0.0189240910057410
0.00255156283223474
0.0525196682968318
0.0244524771422496
-0.0129704443971933
-0.0865405060599617
-0.0329576865830321
0.0397618541356581
0.0155220072294280
0.0278545609185626
0.0899425898362747
0.173293642355943
0.100148841165214
-0.146076972145439
-0.217520731448012
-0.125664469487561
0.0559217520731448
0.0831384222836487
-0.0244524771422496
-0.0525196682968318
-0.0661280034020838
0.0244524771422496
0.0763342547310228
-0.0295556028067191
-0.00170104188815650
0.0967467573889007
0.118860301934935
0.0933446736125877
-0.0491175845205188
-0.166489474803317
-0.139272804592813
-0.0559217520731448
0.0525196682968318
0.105251966829683
0.0163725281735063
-0.0210503933659366
-0.0397618541356581
-0.0189240910057410
0.0414628960238146
0.0491175845205188
0.0899425898362747
0.132468637040187
0.0559217520731448
-0.0899425898362747
-0.139272804592813
-0.0797363385073358
-0.0448649798001276
-0.0155220072294280
0.0797363385073358
0.0661280034020838
-0.0491175845205188
-0.146076972145439
-0.0491175845205188
0.0967467573889007
0.105251966829683
0.0397618541356581
-0.0104188815649585
0.0329576865830321
0.0729321709547098
-0.0129704443971933
-0.125664469487561
-0.146076972145439
-0.00382734424835212
0.132468637040187
0.0346587284711886
-0.112056134382309
-0.100148841165214
0.0491175845205188
0.173293642355943
0.125664469487561
-0.0525196682968318
-0.0491175845205188
0.0397618541356581
0.0448649798001276
-0.0295556028067191
-0.132468637040187
-0.0593238358494578
0.0729321709547098
0.0559217520731448
-0.00701679778864555
-0.0899425898362747
-0.0261535190304061
0.0899425898362747
0.118860301934935
0.0431639379119711
-0.0695300871783968
-0.0933446736125877
-0.0397618541356581
-0.00956836062088029
-0.0414628960238146
-0.0627259196257708
0.0172230491175845
0.0465660216882841
0.0295556028067191
0.0448649798001276
-0.0312566446948756
-0.0244524771422496
0.0933446736125877
0.0831384222836487
0.00170104188815650
-0.0380608122475016
-0.100148841165214
-0.0831384222836487
-0.00552838613650861
0.0278545609185626
0.0244524771422496
0.00297682330427387
0.00425260472039124
0.0227514352540931
0.0491175845205188
0.0312566446948756
-0.000850520944078248
0.00701679778864555
0.0363597703593451
0.0172230491175845
-0.0295556028067191
-0.0797363385073358
-0.0763342547310228
0.000425260472039124
0.0899425898362747
0.0559217520731448
-0.0627259196257708
-0.0593238358494578
0.0210503933659366
0.112056134382309
0.0661280034020838
-0.0593238358494578
-0.0797363385073358
-0.105251966829683
-0.0227514352540931
0.0491175845205188
0.00425260472039124
0.00871783967680204
0.00871783967680204
-0.00212630236019562
0.0278545609185626
0.00956836062088029
-0.0197746119498193
0.0525196682968318
0.0763342547310228
0.0312566446948756
-0.0525196682968318
-0.125664469487561
-0.0967467573889007
0.0431639379119711
0.139272804592813
0.0363597703593451
-0.159685307250691
-0.0627259196257708
0.125664469487561
0.125664469487561
-0.00212630236019562
-0.0899425898362747
0.0227514352540931
0.112056134382309
0.0346587284711886
-0.0865405060599617
-0.125664469487561
-0.0431639379119711
0.0627259196257708
0.0525196682968318
0.0210503933659366
-0.0397618541356581
-0.0695300871783968
-0.0155220072294280
0.0661280034020838
0.0967467573889007
0.0104188815649585
-0.0899425898362747
-0.0695300871783968
0.0189240910057410
0.0278545609185626
-0.0797363385073358
-0.0865405060599617
0.112056134382309
0.159685307250691
0.0380608122475016
-0.0695300871783968
-0.0967467573889007
0.0397618541356581
0.0559217520731448
-0.0661280034020838
-0.0831384222836487
-0.00425260472039124
0.0397618541356581
0.0138209653412715
-0.0244524771422496
0.0491175845205188
0.0899425898362747
0.0210503933659366
-0.0695300871783968
-0.0138209653412715
0.0967467573889007
0.0593238358494578
-0.0525196682968318
-0.0865405060599617
-0.0295556028067191
0.0227514352540931
-0.0197746119498193
-0.0661280034020838
-0.0278545609185626
0.0491175845205188
0.112056134382309
0.0831384222836487
-0.0448649798001276
-0.0797363385073358
-0.0593238358494578
0.00425260472039124
0.0448649798001276
-0.00956836062088029
-0.0448649798001276
-0.0414628960238146
-0.0138209653412715
0.0346587284711886
0.0210503933659366
0.0295556028067191
0.0295556028067191
0.0227514352540931
0.0346587284711886
-0.0414628960238146
-0.0763342547310228
-0.0448649798001276
-0.00510312566446949
0.0865405060599617
0.0593238358494578
-0.0431639379119711
-0.0899425898362747
-0.0172230491175845
0.0661280034020838
0.0414628960238146
-0.00382734424835212
0.0329576865830321
0.112056134382309
0.0593238358494578
-0.0865405060599617
-0.118860301934935
-0.0729321709547098
-0.00340208377631299
0.0797363385073358
0.0729321709547098
0.0312566446948756
-0.0397618541356581
-0.0865405060599617
-0.0559217520731448
-0.0129704443971933
0.0525196682968318
0.0593238358494578
0.0244524771422496
0.0559217520731448
0.0312566446948756
-0.0763342547310228
-0.166489474803317
-0.105251966829683
0.0763342547310228
0.125664469487561
0.0797363385073358
-0.00637890708058686
-0.0967467573889007
-0.000425260472039124
0.0414628960238146
-0.0559217520731448
-0.0363597703593451
0.0967467573889007
0.139272804592813
0.00786731873272379
-0.139272804592813
-0.180097809908569
-0.0865405060599617
0.112056134382309
0.217520731448012
0.173293642355943
-0.0295556028067191
-0.152881139698065
-0.118860301934935
-0.0627259196257708
0.0431639379119711
0.0661280034020838
0.0295556028067191
0.0397618541356581
0.0278545609185626
-0.0763342547310228
-0.125664469487561
-0.0865405060599617
0.00871783967680204
0.152881139698065
0.152881139698065
0.0525196682968318
-0.0448649798001276
-0.125664469487561
-0.112056134382309
0.0180735700616628
0.0899425898362747
0.0559217520731448
0.0491175845205188
0.0163725281735063
-0.00956836062088029
-0.0593238358494578
-0.152881139698065
-0.0831384222836487
0.139272804592813
0.207314480119073
0.0448649798001276
-0.118860301934935
-0.146076972145439
-0.0729321709547098
0.0244524771422496
0.0831384222836487
0.0593238358494578
0.00701679778864555
0.0329576865830321
0.0278545609185626
-0.0899425898362747
-0.146076972145439
-0.0346587284711886
0.132468637040187
0.118860301934935
0.0104188815649585
-0.0346587284711886
-0.0295556028067191
-0.0363597703593451
-0.000850520944078248
-0.0180735700616628
-0.0227514352540931
0.0414628960238146
0.0763342547310228
0.0138209653412715
-0.0525196682968318
-0.0729321709547098
-0.0593238358494578
0.0129704443971933
0.112056134382309
0.125664469487561
0.00956836062088029
-0.105251966829683
-0.125664469487561
-0.0244524771422496
0.0763342547310228
0.0593238358494578
-0.000425260472039124
-0.0155220072294280
0.0397618541356581
0.0763342547310228
-0.0431639379119711
-0.152881139698065
-0.0797363385073358
0.0763342547310228
0.139272804592813
0.0797363385073358
-0.0197746119498193
-0.100148841165214
-0.0899425898362747
-0.0397618541356581
0.0129704443971933
0.0448649798001276
0.0763342547310228
0.0899425898362747
0.0121199234531150
-0.0593238358494578
-0.100148841165214
-0.0865405060599617
-0.00170104188815650
0.00701679778864555
0.0627259196257708
0.0967467573889007
0.0346587284711886
-0.0559217520731448
-0.0831384222836487
-0.00786731873272379
0.0899425898362747
0.0661280034020838
-0.00786731873272379
-0.0491175845205188
-0.00786731873272379
-0.00552838613650861
-0.0661280034020838
-0.0261535190304061
0.100148841165214
0.166489474803317
0.0763342547310228
-0.112056134382309
-0.166489474803317
-0.0593238358494578
0.00170104188815650
0.0346587284711886
0.00871783967680204
-0.0121199234531150
-0.0329576865830321
-0.0329576865830321
-0.00595364660854774
0.0138209653412715
0.0593238358494578
0.0627259196257708
0.0210503933659366
-0.0104188815649585
-0.00637890708058686
-0.0197746119498193
-0.0933446736125877
-0.0899425898362747
0.0227514352540931
0.105251966829683
0.0661280034020838
-0.0172230491175845
-0.0448649798001276
0.0261535190304061
0.125664469487561
0.0967467573889007
-0.00382734424835212
-0.0491175845205188
-0.0559217520731448
-0.0525196682968318
-0.0329576865830321
-0.0295556028067191
-0.0189240910057410
0.000425260472039124
0.00786731873272379
0.00212630236019562
-0.000850520944078248
0.0261535190304061
0.0380608122475016
0.0627259196257708
0.0397618541356581
-0.0210503933659366
-0.0525196682968318
-0.0661280034020838
-0.0559217520731448
0.0121199234531150
0.0295556028067191
-0.0261535190304061
-0.0380608122475016
0.00871783967680204
0.0627259196257708
0.0363597703593451
-0.0397618541356581
-0.0363597703593451
0.0380608122475016
0.0465660216882841
0.00212630236019562
-0.0448649798001276
-0.0278545609185626
-0.00170104188815650
-0.0163725281735063
-0.0295556028067191
-0.00595364660854774
0.0261535190304061
0.0312566446948756
0.0295556028067191
0.0295556028067191
0.0380608122475016
0.00786731873272379
-0.0261535190304061
-0.00956836062088029
0.0261535190304061
0.0138209653412715
-0.0146714862853498
-0.0559217520731448
-0.0525196682968318
0.00786731873272379
0.0278545609185626
0.0397618541356581
0.0431639379119711
0.0210503933659366
-0.0210503933659366
-0.0763342547310228
-0.0593238358494578
